Glucose,BMI,Age,DiabetesPedigreeFunction,BloodPressure,Pregnancies,SkinThickness,Insulin,y_n
95,23.9,22,0.26,60,1,18,58,0
105,36.9,28,0.159,72,5,29,325,0
135,42.3,24,0.365,68,0,42,250,1
131,33.1,28,0.16,68,4,21,166,0
103,43.3,33,0.183,30,1,38,83,0
82,28.5,25,1.699,52,2,22,115,0
128,21.1,55,0.268,78,3,0,0,0
122,35.1,30,0.692,64,1,32,156,1
138,36.3,25,0.933,0,0,0,0,1
125,24.7,21,0.206,68,0,0,0,0
101,24.6,22,0.237,65,0,28,0,0
133,32.9,39,0.27,72,8,0,0,1
111,26.2,23,0.343,60,2,0,0,0
95,35.4,28,0.284,60,4,32,0,0
117,34.1,38,0.337,92,5,0,0,0
165,47.9,26,0.259,76,0,43,255,0
109,23.1,26,0.407,38,1,18,120,0
110,27.8,58,0.237,76,8,0,0,0
106,39.4,22,0.605,70,0,37,148,0
95,35.0,43,0.233,82,1,25,180,1
0,27.7,21,0.299,74,1,20,23,0
143,34.9,41,0.129,66,8,0,0,1
101,24.2,23,0.614,58,2,17,265,0
115,24.0,34,1.022,98,10,0,0,0
142,28.8,61,0.687,60,7,33,190,0
116,22.1,37,0.463,72,4,12,87,0
126,30.1,47,0.349,60,1,0,0,1
78,32.5,39,0.27,70,3,0,0,0
99,25.4,21,0.551,58,1,10,0,0
143,42.4,22,1.076,84,1,23,310,0
128,36.5,37,1.057,88,1,39,110,1
85,31.2,42,0.382,78,6,0,0,0
87,21.8,21,0.444,60,3,18,0,0
106,23.6,44,0.137,80,12,0,0,0
100,29.7,21,0.368,64,2,23,0,0
124,35.4,34,0.282,70,9,33,402,0
95,44.6,22,0.366,64,0,39,105,0
79,32.0,22,0.396,75,1,30,0,0
107,36.8,31,0.727,88,6,0,0,0
90,28.0,31,0.61,0,4,0,0,0
85,39.6,27,0.93,65,2,0,0,0
160,30.5,39,0.588,54,7,32,175,1
162,24.3,50,0.178,62,6,0,0,1
81,46.7,42,0.261,78,7,40,48,0
107,30.8,24,0.821,72,1,30,82,0
107,26.5,24,0.165,68,1,19,0,0
144,38.5,37,0.554,82,4,32,0,1
114,23.8,31,0.466,76,7,17,110,0
134,26.4,21,0.352,58,0,20,291,0
127,34.4,22,0.176,46,2,21,335,0
180,36.5,35,0.314,90,0,26,90,1
168,38.0,34,0.537,74,10,0,0,1
171,45.4,54,0.721,110,9,24,240,1
106,22.7,48,0.235,92,7,18,0,0
120,29.6,34,0.709,68,4,0,0,0
195,30.9,31,0.328,70,6,0,0,1
145,32.5,70,0.235,82,4,18,0,1
105,20.0,22,0.236,68,0,22,0,0
143,45.0,47,0.19,78,5,0,0,0
80,39.8,28,0.177,80,6,36,0,0
76,32.8,41,0.18,60,13,0,0,0
129,67.1,26,0.319,110,0,46,130,1
86,41.3,29,0.917,66,1,52,65,0
129,36.4,32,0.968,92,3,49,155,1
114,28.7,25,0.092,68,2,22,0,0
117,28.7,30,0.157,96,6,0,0,0
189,34.3,41,0.435,104,0,25,0,1
100,30.0,32,0.484,0,7,0,0,1
126,25.9,39,0.162,74,8,38,75,0
111,30.1,30,0.557,56,3,39,0,0
144,32.0,58,0.452,82,5,26,285,1
189,31.2,29,0.583,64,5,33,325,1
101,21.0,21,0.252,64,0,17,0,0
100,25.3,28,0.658,72,1,12,70,0
73,21.1,25,0.342,0,0,0,0,0
0,32.0,22,0.389,68,1,35,0,0
119,19.6,72,0.832,0,2,0,0,0
94,0.0,25,0.256,0,0,0,0,0
125,0.0,54,0.232,96,8,0,0,1
111,30.1,23,0.143,86,1,19,0,0
196,39.8,41,0.451,90,7,0,0,1
158,31.6,66,0.805,90,2,0,0,1
97,18.2,21,0.299,64,1,19,82,0
121,39.0,28,0.261,78,1,39,74,0
108,26.0,25,0.223,62,3,24,0,0
151,42.9,36,0.516,78,8,32,210,1
103,27.6,27,0.73,72,3,30,152,0
99,20.4,27,0.235,70,2,16,44,0
117,25.2,21,0.313,90,2,19,71,0
134,23.8,60,0.277,72,4,0,0,1
133,32.8,45,0.234,102,1,28,140,1
180,43.3,41,0.282,0,1,0,0,1
114,0.0,26,0.189,0,6,0,0,0
108,27.0,52,0.259,80,2,0,0,1
141,27.6,40,0.244,74,4,0,0,0
94,43.5,21,0.347,70,0,27,115,0
99,34.0,30,0.499,54,5,28,83,0
153,40.6,23,0.687,82,1,42,485,0
0,24.7,22,0.14,48,1,20,0,0
102,40.6,21,0.496,64,0,46,78,0
104,27.8,23,0.454,64,0,23,116,0
95,19.6,25,0.334,66,1,13,38,0
142,30.4,43,0.128,90,7,24,480,1
109,27.9,31,0.64,76,8,39,114,1
108,25.2,21,0.128,62,2,32,56,0
181,35.9,51,0.586,84,7,21,192,1
136,37.1,43,0.153,70,15,32,110,1
106,34.2,22,0.142,70,1,28,135,0
78,33.7,25,0.654,48,5,0,0,0
88,55.0,26,0.496,30,1,42,99,1
128,27.5,22,0.115,82,1,17,183,0
108,36.1,33,0.263,72,5,43,75,0
164,30.8,32,0.831,84,9,21,0,1
148,33.6,50,0.627,72,6,35,0,1
190,35.5,66,0.278,92,6,0,0,1
81,27.5,22,0.306,86,3,16,66,0
68,35.5,47,0.285,106,10,23,49,0
90,24.5,36,1.138,68,1,8,0,0
114,24.9,57,0.744,74,5,0,0,0
124,27.8,30,0.1,74,1,36,0,0
124,34.0,38,0.22,74,5,0,0,1
197,36.7,31,2.329,70,4,39,744,0
186,34.5,37,0.423,90,8,35,225,1
127,34.5,28,0.598,88,4,11,155,0
91,29.8,31,0.501,0,6,0,0,0
106,34.2,52,0.251,70,13,0,0,0
115,38.1,28,0.15,66,3,39,140,0
122,29.8,22,0.717,60,2,18,106,0
154,32.8,23,0.237,62,4,31,284,0
132,28.0,63,0.419,86,4,31,0,0
173,36.8,38,0.088,74,1,0,0,1
169,29.9,31,0.268,74,3,19,125,1
126,29.6,40,0.439,78,5,27,22,0
102,25.1,21,0.078,52,0,0,0,0
107,26.4,23,0.133,60,0,25,0,0
137,24.8,21,0.143,68,0,14,148,0
80,26.2,41,0.313,66,6,30,0,0
119,45.3,26,0.507,88,1,41,170,0
146,29.7,29,0.564,56,1,0,0,0
0,41.0,37,0.346,80,5,32,0,1
118,0.0,21,1.731,64,0,23,89,0
188,32.0,22,0.682,82,0,14,185,1
141,30.0,27,0.761,0,3,0,0,1
158,39.4,29,0.395,84,5,41,210,1
93,30.4,23,0.315,70,1,31,0,0
157,39.4,30,0.134,74,2,35,440,0
144,29.5,37,0.287,58,4,28,140,0
105,41.5,22,0.173,64,0,41,142,0
133,27.0,36,0.245,68,10,0,0,0
115,33.7,40,0.245,60,6,39,0,1
163,39.0,33,1.222,72,1,0,0,1
180,59.4,25,2.42,78,0,63,14,1
144,46.1,46,0.335,82,1,46,180,1
141,32.4,22,0.433,84,0,26,0,0
115,30.8,21,0.421,64,2,22,0,0
130,39.1,37,0.956,82,5,0,0,1
150,21.0,37,0.207,76,3,0,0,0
82,21.1,25,0.389,70,3,0,0,0
117,29.7,30,0.38,62,4,12,0,1
102,39.5,42,0.293,74,1,0,0,1
90,27.3,22,0.085,70,2,17,0,0
113,33.3,23,0.278,76,0,0,0,1
174,32.9,36,0.593,58,3,22,194,1
154,30.9,45,0.164,78,9,30,100,0
194,35.9,41,0.745,68,7,28,0,1
91,35.6,68,0.587,82,8,0,0,0
166,26.6,66,0.304,74,6,0,0,0
140,37.4,41,0.244,85,12,33,0,0
123,36.3,52,0.258,72,0,0,0,1
119,35.5,25,0.28,44,1,47,63,0
112,31.6,25,0.197,74,3,30,0,1
90,27.2,24,0.58,62,1,12,43,0
93,38.0,23,0.674,64,2,32,160,1
108,32.5,22,0.318,52,2,26,63,0
111,32.8,45,0.265,94,1,0,0,0
106,39.5,38,0.286,82,5,30,0,0
193,34.9,25,0.241,70,3,31,0,1
125,28.9,45,1.144,70,4,18,122,1
129,27.5,31,0.527,60,4,12,231,0
115,34.6,32,0.529,70,1,30,96,1
87,28.9,25,0.773,0,2,23,0,0
132,32.4,21,0.393,78,0,0,0,0
155,26.6,27,0.433,74,2,17,96,1
100,32.0,42,0.444,66,1,29,196,0
187,33.9,34,0.826,50,7,33,392,1
139,27.1,57,1.441,80,10,0,0,0
101,21.9,25,0.336,62,0,0,0,0
197,25.9,39,1.191,74,8,0,0,1
120,39.7,29,0.215,76,2,37,105,0
90,42.7,21,0.559,78,3,0,0,0
125,31.1,41,0.205,70,10,26,115,1
108,24.0,35,0.813,44,6,20,130,0
111,28.4,29,0.495,90,3,12,78,0
90,38.2,27,0.503,68,2,42,0,1
130,28.6,21,0.692,60,1,23,170,0
184,30.0,49,1.213,85,9,15,0,1
100,36.6,46,0.412,78,14,25,184,1
128,34.3,24,0.303,70,4,0,0,0
97,27.2,22,1.095,68,1,21,0,0
116,26.3,24,0.107,74,3,15,105,0
122,23.0,40,0.254,78,3,0,0,0
111,46.8,45,0.925,84,11,40,0,1
188,47.9,43,0.137,78,8,0,0,1
120,42.9,30,0.452,70,3,30,135,0
97,40.9,32,0.871,76,7,32,91,1
95,25.9,36,0.673,74,1,21,73,0
99,22.2,23,0.108,0,2,0,0,0
119,45.6,29,0.808,86,1,39,220,1
76,34.0,25,0.391,62,4,0,0,0
125,27.6,49,0.565,78,6,31,0,1
79,43.5,23,0.678,60,1,42,48,0
196,36.5,29,0.875,76,1,36,249,1
82,21.2,23,0.415,64,1,13,95,0
100,46.8,31,0.962,88,0,60,110,0
107,45.3,24,0.686,76,0,0,0,0
119,25.2,37,0.209,0,7,0,0,0
146,37.9,28,0.334,70,0,0,0,1
107,29.6,31,0.254,74,7,0,0,1
130,34.2,45,0.652,70,9,0,0,1
124,27.4,36,0.254,70,0,20,0,1
113,33.6,21,0.543,64,1,35,0,1
125,37.6,51,0.304,86,7,0,0,0
183,40.8,45,1.461,94,6,0,0,0
65,32.0,42,0.6,72,8,23,0,0
111,22.6,21,0.142,62,3,0,0,0
146,31.2,61,0.539,92,4,0,0,1
174,44.5,24,0.646,88,2,37,120,1
97,36.8,25,0.6,64,0,36,100,0
142,24.7,21,0.761,82,2,18,64,0
87,23.2,32,0.084,80,6,0,0,0
144,31.6,25,0.422,58,2,33,135,1
126,27.4,21,0.515,86,0,27,120,0
121,34.3,33,0.203,66,0,30,165,1
128,34.6,45,0.144,80,5,0,0,0
57,21.7,67,0.735,60,0,0,0,0
56,24.2,22,0.332,56,2,28,45,0
124,33.2,26,0.305,80,3,33,130,0
116,25.6,30,0.201,74,5,0,0,0
181,43.3,26,0.222,88,0,44,510,1
180,42.0,25,1.893,66,0,39,0,1
154,29.3,39,0.839,74,6,32,193,0
124,28.7,52,0.687,76,8,24,600,1
134,35.4,29,0.542,70,6,23,130,1
118,45.8,31,0.551,84,0,47,230,1
103,39.1,31,0.344,66,7,32,0,1
140,32.7,45,0.734,94,9,0,0,1
110,28.4,27,0.118,76,4,20,100,0
89,28.1,21,0.167,66,1,23,94,0
92,24.2,28,1.698,76,2,20,0,0
84,39.5,25,0.159,90,4,23,56,0
99,19.3,30,0.284,80,3,11,64,0
128,32.4,27,0.549,72,3,25,190,1
158,35.5,35,0.344,70,3,30,328,1
95,36.5,26,0.33,80,0,45,92,0
164,32.8,45,0.148,78,9,0,0,1
161,30.4,47,0.165,86,7,0,0,1
92,31.6,24,0.13,62,2,28,0,0
136,26.0,51,0.647,74,7,26,135,0
163,31.6,28,0.268,70,3,18,105,1
87,34.6,22,0.101,78,1,27,32,0
147,39.4,43,0.257,76,7,0,0,1
92,19.5,25,0.482,62,1,25,41,0
142,32.4,63,0.2,80,3,15,0,0
147,29.9,28,0.434,75,5,0,0,0
103,19.4,22,0.491,80,1,11,82,0
147,34.9,30,0.385,74,4,25,293,0
117,45.2,24,0.089,80,0,31,53,0
102,32.9,46,0.665,76,9,37,0,1
109,25.2,23,0.833,56,1,21,135,0
179,44.1,23,0.686,90,0,27,0,1
99,36.6,21,0.453,60,2,17,160,0
122,36.2,28,0.816,52,2,43,158,0
154,46.1,27,0.571,78,6,41,140,0
173,38.4,25,2.137,82,3,48,465,1
117,33.2,24,0.23,64,4,27,120,0
120,42.3,48,0.785,80,11,37,150,1
179,32.7,36,0.719,72,8,42,130,1
155,38.7,25,0.24,52,2,27,540,1
118,33.3,23,0.261,58,1,36,94,0
130,22.6,21,0.268,96,2,0,0,0
85,24.4,42,0.136,55,8,20,0,0
120,38.9,41,1.162,80,1,48,200,0
112,34.8,24,0.217,80,1,45,132,0
94,33.3,41,0.738,64,7,25,79,0
109,28.5,22,0.219,58,1,18,116,0
114,38.1,21,0.289,66,1,36,200,0
102,30.8,26,0.4,44,3,20,94,0
114,44.2,27,0.167,80,0,34,285,0
114,27.8,66,0.247,88,6,0,0,0
156,34.3,42,1.189,86,9,28,155,1
105,29.6,46,0.197,90,0,0,0,0
84,31.9,25,0.591,68,3,30,106,0
112,39.4,24,0.175,78,2,50,140,0
155,34.0,46,0.543,62,8,26,495,1
101,35.7,26,0.198,76,0,0,0,0
90,34.9,56,0.825,85,10,32,0,1
81,26.6,24,0.283,72,1,18,40,0
94,26.0,21,0.561,68,2,18,76,0
129,26.4,28,0.219,64,3,29,115,1
99,23.2,21,0.223,76,4,15,51,0
176,33.7,58,0.467,90,8,34,300,1
114,21.9,37,0.432,65,4,0,0,0
72,31.6,38,0.28,78,9,25,0,0
117,39.1,42,0.251,86,5,30,105,0
162,37.7,52,0.151,104,5,0,0,1
91,25.2,23,0.234,54,1,25,100,0
89,27.8,21,0.559,24,1,19,25,0
197,30.5,53,0.158,70,2,45,543,1
90,37.7,29,0.362,88,4,47,54,0
138,33.2,35,0.42,76,11,0,0,0
91,39.9,25,0.381,68,0,32,210,0
86,35.8,25,0.238,68,0,32,0,0
115,52.9,28,0.209,98,5,0,0,1
93,22.5,22,0.417,56,1,11,0,0
103,46.2,42,0.126,68,11,40,0,0
116,36.1,25,0.496,78,1,29,180,0
95,32.1,24,0.612,70,4,32,0,0
126,30.7,24,0.52,84,0,29,215,0
138,34.6,21,0.534,60,0,35,167,1
136,37.4,24,0.399,74,1,50,204,0
105,32.5,26,0.878,80,6,28,0,0
136,0.0,69,0.64,82,5,0,0,0
116,27.4,21,0.204,70,1,28,0,0
99,25.6,28,0.294,72,4,17,0,0
106,30.5,34,1.4,64,2,35,119,0
57,32.8,41,0.096,80,9,37,0,0
92,32.0,46,0.085,62,6,32,126,0
129,41.2,38,0.441,62,10,36,0,1
151,42.1,21,0.371,90,0,46,0,1
99,21.8,26,0.279,62,3,19,74,0
88,27.6,37,0.258,78,5,30,0,0
157,25.6,24,0.123,72,1,21,168,0
181,30.1,60,0.615,68,8,36,495,1
132,26.8,69,0.186,80,5,0,0,0
101,21.8,22,0.155,58,2,35,90,0
108,32.4,42,0.272,66,10,0,0,1
106,29.0,22,0.426,56,2,27,165,0
107,22.9,23,0.678,62,3,13,48,1
108,25.3,22,0.881,62,2,10,278,0
128,40.5,24,0.613,48,1,45,194,1
95,32.0,31,0.161,64,4,0,0,1
107,33.6,23,0.404,74,2,30,100,0
73,26.8,27,0.268,60,5,0,0,0
108,27.3,32,0.787,68,0,20,0,0
97,18.2,21,0.147,70,1,15,0,0
122,31.2,41,0.258,68,10,0,0,0
173,35.7,22,0.258,84,3,33,474,1
125,32.3,27,0.536,80,4,0,0,1
105,27.9,62,0.741,84,0,0,0,1
136,35.0,35,0.286,84,5,41,88,1
111,24.0,23,0.138,62,1,13,182,0
96,23.7,28,0.19,0,6,0,0,0
99,25.0,22,0.253,0,0,0,0,0
112,37.8,41,0.261,66,5,0,0,1
130,28.4,34,0.323,78,3,23,79,1
176,33.3,52,1.154,86,3,27,156,1
168,35.0,52,0.905,88,1,29,0,1
67,45.3,46,0.194,76,0,0,0,0
116,32.3,35,0.66,74,5,29,0,1
153,40.6,39,1.174,88,13,37,140,0
120,25.0,64,0.409,78,8,0,0,0
128,40.0,24,1.101,64,2,42,0,0
92,25.9,31,0.167,62,10,0,0,0
83,32.2,22,0.497,66,2,23,50,0
110,26.0,30,0.292,68,5,0,0,0
89,31.2,23,0.192,76,1,34,37,0
79,25.4,22,0.583,80,1,25,37,0
165,33.6,49,0.631,68,6,26,168,0
105,34.9,25,0.225,58,2,40,94,0
122,35.0,29,0.394,68,4,0,0,0
106,30.9,24,0.292,54,3,21,158,0
182,30.5,29,0.345,74,3,0,0,1
102,35.7,28,0.674,90,6,39,0,0
140,24.1,23,0.828,74,1,26,180,0
88,35.3,48,0.378,74,12,40,54,0
193,25.9,24,0.655,50,1,16,375,0
133,32.4,37,0.262,88,7,15,155,0
98,25.2,22,0.299,82,0,15,84,0
125,24.3,25,0.221,70,1,24,110,0
100,23.6,26,0.666,66,1,15,56,0
92,30.1,22,0.141,52,2,0,0,0
114,27.4,34,0.732,64,7,0,0,1
119,38.8,22,0.259,66,0,27,0,0
116,23.5,23,0.187,0,3,0,0,0
75,33.3,38,0.263,82,10,0,0,0
137,32.0,39,0.391,90,7,41,0,0
158,31.2,24,0.295,64,3,13,387,0
129,38.5,43,0.439,68,7,49,125,1
127,39.0,51,0.19,106,11,0,0,0
117,33.8,27,0.466,60,1,23,106,0
97,38.1,30,0.218,70,1,40,0,0
118,42.9,21,0.693,80,2,0,0,1
110,32.4,27,0.698,74,2,29,125,0
139,25.6,22,0.402,54,3,0,0,1
163,40.9,47,0.817,72,17,41,114,1
125,31.6,24,0.151,58,3,0,0,0
103,24.0,33,0.966,60,4,33,192,0
100,39.4,43,0.661,74,8,40,215,1
102,30.8,36,0.18,82,6,0,0,1
162,27.7,54,0.182,84,10,0,0,0
123,34.1,28,0.269,74,5,40,77,0
149,29.3,42,0.349,68,1,29,127,1
144,33.9,40,0.255,72,6,27,228,0
99,26.9,32,0.497,60,6,19,54,0
91,29.2,21,0.192,64,1,24,0,0
143,30.1,23,0.892,86,1,30,330,0
120,20.8,48,0.733,72,9,22,56,0
88,29.9,23,0.422,62,1,24,44,0
156,24.8,53,0.23,86,9,0,0,1
196,37.5,57,0.605,76,8,29,280,1
131,23.7,21,0.389,64,1,14,415,0
131,34.3,22,0.196,66,0,40,0,1
120,26.8,27,0.455,54,2,0,0,0
125,30.0,32,0.464,68,6,30,120,0
137,43.1,33,2.288,40,0,35,168,1
147,29.5,50,0.178,80,6,0,0,1
107,28.3,29,0.181,50,1,19,0,0
168,38.2,40,0.787,88,7,42,321,1
187,43.6,53,1.034,76,5,27,207,1
93,28.7,23,0.356,50,6,30,64,0
98,34.7,22,0.198,60,2,17,120,0
115,28.9,46,0.376,72,4,0,0,1
0,39.0,41,0.727,68,6,41,0,1
71,28.0,22,0.586,70,2,27,0,0
88,24.8,22,0.267,58,3,11,54,0
113,31.0,21,0.874,80,0,16,0,0
96,21.1,26,0.647,68,2,13,49,0
97,23.2,22,0.487,66,1,15,140,0
121,36.0,25,0.127,52,3,0,0,1
142,44.0,22,0.645,86,4,0,0,1
194,26.1,67,0.551,80,8,0,0,0
156,48.3,32,0.238,75,4,0,0,1
96,20.8,26,0.34,56,4,17,49,0
83,18.2,27,0.624,68,1,0,0,0
166,45.7,27,0.34,76,5,0,0,1
132,34.4,44,0.402,80,3,0,0,1
195,25.1,55,0.163,70,7,33,145,1
129,31.2,29,0.703,80,0,0,0,0
44,25.0,36,0.587,62,5,0,0,0
137,33.2,22,0.17,70,0,38,0,0
179,37.8,22,0.455,50,0,36,159,1
117,34.5,40,0.403,88,1,24,145,1
81,46.3,32,1.096,74,1,41,57,0
68,25.0,25,0.187,70,2,32,66,0
114,32.8,42,0.258,66,7,0,0,1
166,25.8,51,0.587,72,5,19,175,1
99,24.6,21,0.637,52,2,15,94,0
180,34.0,26,0.271,64,3,25,70,0
99,32.8,33,0.145,68,4,38,0,0
93,43.4,35,1.021,100,0,39,72,0
128,32.0,33,1.321,98,1,41,58,1
109,35.8,25,0.514,62,5,41,129,1
88,24.4,30,0.342,66,5,21,23,0
115,31.2,44,0.343,76,5,0,0,1
151,35.5,28,0.692,62,6,31,120,0
129,28.0,27,0.284,84,2,0,0,0
71,21.8,26,0.416,62,1,0,0,0
175,33.6,38,0.212,62,14,30,0,1
121,26.2,30,0.245,72,5,23,112,0
146,27.5,28,0.24,0,2,0,0,1
138,40.1,28,0.236,82,1,0,0,0
102,37.2,45,0.204,74,7,40,105,0
124,25.5,37,0.161,70,7,33,215,0
137,24.2,55,0.151,61,6,0,0,0
105,33.7,29,0.711,80,2,45,191,1
126,28.7,21,0.801,56,1,29,152,0
95,26.1,22,0.748,54,2,14,88,0
100,31.6,28,0.949,68,3,23,81,0
85,26.6,31,0.351,66,1,29,0,0
94,23.1,56,0.595,72,10,18,0,0
198,41.3,28,0.502,66,0,32,274,1
113,22.4,22,0.14,44,3,13,0,0
111,23.9,27,0.407,72,5,28,0,0
122,27.6,45,0.512,78,10,31,0,0
84,30.4,21,0.968,50,2,23,76,0
181,34.1,38,0.328,64,1,30,180,1
100,37.8,24,0.498,54,2,28,105,0
124,27.6,29,0.368,72,6,0,0,1
123,32.0,34,0.443,80,4,15,176,0
178,39.9,41,0.331,84,7,0,0,1
91,32.4,27,0.601,80,0,0,0,0
126,38.5,49,0.349,88,8,36,108,0
91,33.1,22,0.446,70,4,32,88,0
189,30.1,59,0.398,60,1,23,846,1
112,34.1,26,0.315,68,2,22,94,0
108,27.1,24,0.4,88,1,19,0,0
105,43.3,45,0.239,100,8,36,0,1
71,33.2,21,0.422,78,1,50,45,0
148,32.5,22,0.256,66,3,25,0,0
170,44.0,43,0.403,74,9,31,0,1
167,23.4,33,0.447,74,1,17,144,1
145,44.2,31,0.63,0,0,0,0,1
136,31.2,22,1.182,70,4,0,0,1
96,37.3,40,0.238,78,3,39,0,0
119,27.1,33,1.318,50,6,22,176,1
99,38.6,21,0.412,72,1,30,18,0
87,37.6,24,0.401,68,1,34,77,0
130,23.1,22,0.314,64,3,0,0,0
139,31.6,25,0.361,80,5,35,160,1
118,44.5,26,0.904,70,4,0,0,0
137,27.3,59,0.231,84,0,27,0,0
162,49.6,26,0.364,76,0,36,0,1
84,29.7,46,0.297,72,12,31,0,1
146,40.5,44,1.781,82,0,0,0,0
114,28.9,24,0.126,64,4,0,0,0
125,33.8,54,0.121,76,6,0,0,1
90,24.4,24,0.249,80,2,14,55,0
99,35.4,50,0.388,84,8,0,0,0
113,29.5,25,0.626,50,3,10,85,0
134,25.9,81,0.46,74,9,33,60,0
151,29.7,36,0.294,90,4,38,0,0
106,26.5,29,0.296,60,7,24,0,1
123,33.1,40,0.374,70,9,44,94,0
119,22.3,24,0.205,54,1,13,50,0
143,26.2,21,0.256,74,1,22,61,0
89,33.5,42,0.292,90,2,30,0,0
122,34.7,33,0.29,86,5,0,0,0
128,30.5,25,1.391,68,0,19,180,1
199,42.9,22,1.394,76,1,43,0,1
173,29.7,33,0.361,70,4,14,168,1
145,37.9,40,0.637,80,9,46,130,1
122,49.7,31,0.325,90,1,51,220,1
84,35.8,21,0.545,64,0,22,66,0
100,38.5,26,0.324,68,2,25,71,0
148,37.6,51,1.001,84,10,48,237,1
118,23.1,46,1.476,72,8,19,0,0
112,34.2,36,0.26,82,9,32,175,1
74,27.8,22,0.269,52,0,10,36,0
111,34.2,24,0.26,64,6,39,0,0
138,36.1,50,0.557,74,11,26,144,1
126,39.3,27,0.704,88,3,41,235,0
122,35.9,26,0.483,76,2,27,200,0
139,28.6,26,0.411,64,5,35,140,0
96,22.4,27,0.207,122,1,0,0,0
101,45.6,38,1.136,86,10,37,0,1
141,42.4,29,0.205,0,0,0,0,1
125,22.5,21,0.262,96,0,0,0,0
